[7,29.881523174206098]
[51,38.17805994389488]
[124,66.66666666666666]
[54,38.7805215466556]
[15,34.28358980175684]
[154,100.0]
[11,28.887612208258528]
[101,20.0]
[29,44.23136167590881]
[69,29.59872159090909]
[42,37.37135333879228]
[112,27.27272727272727]
[87,31.432545201668983]
[73,28.803294573643413]
[64,33.359270787016456]
[3,37.28670025828852]
[30,35.85084786846171]
[113,0.0]
[34,42.40613293840927]
[133,0.0]
[59,37.15789473684211]
[162,0.0]
[139,100.0]
[8,28.289951901514097]
[28,40.550221382020794]
[22,41.97276008810877]
[85,26.37604579480405]
[16,37.40281070771024]
[35,33.76881028260273]
[52,35.06373282062237]
[0,44.71148641333767]
[71,27.612159124230278]
[98,19.51219512195122]
[47,37.85105642987566]
[99,25.0]
[110,50.0]
[96,22.033898305084744]
[43,39.58418346527381]
[5,38.04051102860886]
[31,43.308375068180695]
[100,20.51282051282051]
[18,40.363436123348016]
[70,20.063530770711672]
[61,33.52881183069862]
[27,42.774385683397476]
[75,23.181061319047274]
[17,40.261692650334076]
[126,25.0]
[131,66.66666666666666]
[26,42.58568568175572]
[120,0.0]
[46,39.441937357580095]
[130,40.0]
[78,27.714646464646464]
[77,28.260458073064548]
[89,29.87012987012987]
[6,32.81190614310576]
[118,0.0]
[60,25.219676301738996]
[68,26.964607078584287]
[90,29.243119266055047]
[104,50.0]
[19,43.73958505590678]
[23,43.676222596964585]
[41,40.98310291858679]
[128,0.0]
[102,45.45454545454545]
[55,29.07072763236226]
[111,14.285714285714285]
[95,28.436018957345972]
[93,30.64516129032258]
[38,39.6583348877697]
[40,32.19508493501144]
[103,57.14285714285714]
[25,39.40770309634265]
[189,0.0]
[44,41.361788617886184]
[156,0.0]
[82,26.460610629476065]
[53,37.42660680084147]
[92,27.200000000000003]
[122,100.0]
[86,35.85714285714286]
[58,34.20355524573022]
[81,28.26666666666667]
[33,42.34054524065265]
[150,50.0]
[48,36.60439116665604]
[141,100.0]
[148,100.0]
[97,28.125]
[67,26.86850572287568]
[106,0.0]
[84,33.395348837209305]
[79,30.509618629767125]
[9,29.144415224020264]
[24,43.43166342094601]
[32,39.23043311309138]
[116,50.0]
[152,0.0]
[88,29.20892494929006]
[1,42.20930232558139]
[105,71.42857142857143]
[20,41.46912334024781]
[56,36.092015693638714]
[127,0.0]
[36,40.39292023817313]
[10,26.633769181037326]
[37,40.40740427689967]
[49,40.485226729639315]
[63,32.19375873311597]
[65,21.36351304213015]
[4,24.324454043676504]
[121,100.0]
[39,41.31032708708471]
[62,29.936517432778274]
[12,28.11415918317136]
[83,28.284923928077454]
[123,33.33333333333333]
[13,30.09636386997302]
[14,32.02642205622428]
[21,44.02502847052501]
[66,27.917714051197866]
[91,28.333333333333332]
[94,30.985915492957744]
[72,25.961157352358306]
[74,30.61509785647717]
[137,0.0]
[129,25.0]
[76,26.996454499409083]
[2,40.052468144340935]
[80,22.652700656234227]
[50,30.095116747659123]
[45,30.757701306297523]
[57,35.344038312557224]
[119,0.0]
